0010 0000 0000 0001 0000 0000 0000 0000
0010 0000 0000 0010 iiii iiii iiii iiii
0010 0000 0000 0011 iiii iiii iiii iiii
0010 0000 0000 0110 0000 0000 0000 0001
1010 1100 0000 0010 0000 0000 0000 0011
1010 1100 0000 0011 0000 0000 0000 0100
1000 1100 0000 0011 0000 0000 0000 0011
1000 1100 0000 0100 0000 0000 0000 0100
0000 0000 1000 0011 0010 1000 0010 1010
0001 0000 1010 0110 0000 0000 0000 0101
0010 0000 0010 0001 0000 0000 0000 0001
0000 0000 1000 0011 0010 0000 0010 0010
0000 1000 0000 0000 0000 0000 0000 1001
1010 1100 0000 0001 0000 0000 0000 0101
1010 1100 0000 0100 0000 0000 0000 0110